$ANSIBLE_VAULT;1.1;AES256
32646139346236326132326365346536666437363261373565373939333636383534613163383564
3436643238393834613439353837373663373364346135340a373330656235356635323634316534
36663539373662396338656562303364303835313434666562326665363535393237646362313238
3338633039323364380a626638653431353131636438323864393535303533393237316634316632
63613832326165393934633962643764623936333435663461666639393765353563656532356334
66373933666233323262666363353332383534376334346263646233633732623361306233353564
33626365386264366236323063623337336361613365663237303564653336363332313632356139
30326333373037306238646530626634346636623266356532383065356533313263653066323938
30663961633730663637303939363131373133633339333430663832616330653435663962326135
64373930336538306330336534303639353936303034303837613863623537613130623534613332
33373335343832386339343139376161393939326236306432356539363937353262393035316265
37356439613062623565373862386266376461343337363164373437343338396163623166653635
61316430646637336133396464633836353233643731353131633136363031353362373565303234
61313462663434376166393034336536623734643039656236656433316232393730623661656436
61626436393038356132316434313838323731656333376330373064633135646637353961386361
63346332373863663934303663323038336563313961666163323963623037336662633132616438
6462
