$ANSIBLE_VAULT;1.1;AES256
34643662306430653131316435393464666638613530336463633265313038636161383766383664
3839643963303635393132346164333836376164366463310a666337626138393066366638303939
39396164656231656331323661336135666635373931626539333933626261646130636338643465
6133656433393330370a643333613766303866616337356531636535353464623939646566303339
61366437623938626130323334346464366332353337316431386432653533636461626132633234
62313537383965613239663462643336653536643735366632333234393734666666363264323737
62353337356430356636366536343563643466393036636634396664376438653964303033373935
36343635623138613636666336323238646232343134613236623031613461363932303135633938
33376634623462616436346636333364383736383036643834316538366666313638333832386666
66313630666463393762393364323566363835643564303738663537663432616462333939333362
64306635393965626232323762613038653265633033316664386161653634663632303437386634
39663834633037633462356663663630323636653966383736306561356637303163303239343136
35303933636638383830653139303630363831393835303339396130623464393431656666393561
31326334623931623666383865306561376661373436623831346235386365376233656234333930
35653263643337383431353661396462643335383563333538653834613836643431623566393731
61333939636666353363333339363538616633323933636634353961653731383730353264613362
66313339353463313533316633356431373433663264643135383338613232366466626436306236
31633131623165323536343532663633323366316133646634613839636439653761363864383131
32666437363637323430303431623831626264643363356634643930316661363432633837636236
38306235386662373761353232633064383065663262336135663239393236303466326465616138
34616465626537643738663535303832626230316235346165326532323166646431633138363365
38333466346639366436656138306638393731313862633036336437366533383237626635326536
63313137356231623131343464313039343535386565383934303565373233323864313436373366
34393638343639326433366335303063396438613938633638356366336136373237356233303538
36393433613665656366393262633435633862653235626330373236336463336565326632623839
31303639396334326136333739653231663162333065643437383934326636613038313738393162
37313539636633383066636563656165666530363130343865393734653831633937613962616165
61623838373638653563383235393630663964653435313966636232356463306434656161333734
65386362303362616430336664353162323835373866393265623463636261393565363634653335
63613939323236633230373530383133653765363463333466636366313161313365373133316538
34613337333839396133643637366137663732376336653937366639373930383034666630363237
63386665356363303737353665633339346631626630633862313565643130376435373037373636
33316636393335353530393033346565386336363638643536316239656139336466393334356462
33383363303636366130303437303561643432393562393364383138393564633336616332323137
38663664366434343831313838653433313139613664373764616432636334373566653539316231
38383164633232646635663565333730316631613765343836666338643731623063333937376164
63303265623538653566613664656662666233323937336239646330343036613937363161333264
34336465366133356336306336643637623835613938666666656261663963373139393362366439
34376634636333646164613437386639326562363336393034376566353434353365663963313831
34623731373631663265663263343830373163303039626332386561333335323265613464666462
39616661623566666631306437303937336132623633303138633961643737646665663530663437
66366335333730623331663862633338646336343464303330306134636237316637396566303431
30643435656663626162336262626137643561653865396536393262613065666432663366633639
30646134616532366433356433626633353432383234373334643261366234353863396634356166
38313833613565663833333339383937636334346364316433643565636430343735346332336430
30313863333538323164343061656234363861353938363565353431626262353238643934663336
36636465663061623264343534366630646662656538333339333933376465653863656434386634
31386661326338386337633535656162613662366565396339656161623663366266623966366635
62666135666538636130383737386537666666343630636336626230663936316138626537613066
35333962653730363636363136343236383761363037303935363263346633656330333432613263
32306562656231306363386537343039363262633037636636356164376439343835313134653165
66633235396562323864386236323030393436346330306632346162653566656335373963613730
65336361646564333766303436396330383163633561356664666637363931393538636134643439
39393432343964623437383165656633633030613761313032306339373532393766343161363630
64333532646339643031613166633661623730326533303231353765336338336633326165313136
31376535313330313236623330343566313666336438323933633530333865303731653430306464
66363464643036346536653033393163643462383163613937383238363666313336366138343963
32653266633438353338383331386134636638396331356161323730373361626661393336643831
62663938313263303432613433363239326237303537656533376630386337323431643439643434
63356439383865646531386539343166373332366163623230646536326464363363363764616638
61393962303336396230393632326533386165343962343034343861656133636530613337626531
38663464663333336461353863613737656266643930393230343630376165633431313664623061
32353932383334323834316336623865373939636662646663326636653035393934396230383132
66323731636235373163356464363462623934356665316234323931353361373138643733343466
3034
